25.000187 
24.998800 
24.992150 
24.973600 
24.949500 
24.898000 
24.964600 
24.918800 
24.872000 
24.834000 
25.002200 
25.013800 
25.034800 
25.035700 
25.021200 
25.050400 
25.082100 
25.113000 
24.997520 
25.002880 
25.034500 
25.078900 
25.107000 
25.006200 
24.991430 
24.967100 
24.992560 
24.986800 
24.945300 
24.918500 
24.981100 
24.943300 
24.896000 
24.852000 
24.955100 
24.938400 
24.912000 
25.008460 
25.022600 
25.035200 
25.044300 
25.029600 
25.006450 
25.065700 
25.111000 
25.157000 
25.200000 
25.247000 
25.034300 
25.050900 
25.075900 
25.110000 
25.055200 
25.094500 
25.125000 
25.034700 
25.062800 
25.080100 
25.109000 
25.148000 
25.183000 
25.208000 
25.210000 
25.211000 
25.219000 
25.242000 
25.092600 
25.117000 
25.160000 
25.201000 
25.241000 
25.271000 
25.240000 
25.282000 
25.319000 
25.265000 
25.277000 
25.286000 
25.090200 
25.077400 
25.094500 
25.146000 
25.196000 
25.229000 
25.260000 
25.307000 
25.355000 
25.258000 
25.305000 
25.353000 
25.245000 
25.292000 
25.323000 
25.068100 
25.092100 
25.110000 
25.124000 
25.118000 
25.118000 
25.112000 
25.167000 
25.223000 
25.280000 
25.336000 
25.272000 
25.323000 
25.373000 
25.004870 
25.025100 
25.059200 
25.105000 
25.140000 
25.177000 
25.186000 
25.103000 
25.145000 
25.181000 
25.208000 
25.213000 
25.184000 
25.222000 
25.247000 
25.037100 
25.027900 
25.011400 
24.997390 
25.048600 
25.079700 
25.106000 
25.149000 
25.010200 
25.012700 
24.991020 
24.948500 
24.913600 
24.877000 
25.016000 
25.022000 
24.996930 
24.963300 
25.019800 
24.995840 
24.944000 
24.897000 
25.037500 
25.040900 
25.050400 
25.076600 
25.116000 
25.149000 
25.177000 
25.181000 
25.189000 
25.114000 
25.137000 
25.153000 
25.163000 
25.180000 
25.198000 
25.191000 
25.191000 
25.177000 
25.191000 
25.173000 
25.220000 
25.260000 
25.302000 
25.258000 
25.286000 
25.297000 
25.294000 
25.018300 
25.009630 
25.008820 
25.017200 
25.013800 
24.991260 
25.043300 
25.091100 
25.130000 
25.167000 
24.992310 
24.986200 
24.989700 
24.999115 
24.995720 
24.979100 
24.991280 
24.972000 
24.949600 
24.914100 
24.991860 
25.007290 
25.025800 
24.975600 
24.955400 
24.955000 
24.965400 
24.934900 
24.882000 
24.830000 
24.778000 
24.976900 
24.934700 
24.874000 
24.816000 
24.760000 
24.962100 
24.933700 
24.956100 
24.934100 
24.892000 
24.853000 
24.951400 
24.944400 
24.932200 
25.000000 
24.988500 
24.985500 
24.982500 
24.979500 
24.976500 
24.999000 
24.997000 
24.995000 
24.993000 
24.991000 
24.965000 
24.945000 
24.925000 
24.905000 
24.885000 
24.864000 
24.844000 
24.824000 
24.804000 
24.784000 
24.763000 
24.743000 
24.723000 
24.703000 
24.683000 
24.662000 
24.642000 
24.622000 
24.602000 
24.582000 
24.561000 
24.541000 
24.521000 
24.501000 
24.481000 
24.460000 
24.440000 
24.420000 
24.400000 
24.380000 
24.359000 
24.339000 
24.319000 
24.299000 
24.279000 
24.258000 
24.238000 
24.218000 
24.198000 
24.178000 
24.157000 
24.137000 
24.117000 
24.097000 
24.077000 
24.056000 
24.036000 
24.016000 
24.000000 
23.980000 
23.960000 
23.940000 
23.920000 
23.900000 
23.880000 
23.850000 
23.830000 
23.810000 
23.790000 
23.770000 
23.750000 
23.730000 
23.710000 
23.690000 
23.670000 
24.874000 
24.774000 
24.672000 
24.572000 
24.470000 
24.370000 
24.268000 
24.168000 
24.066000 
23.970000 
23.860000 
23.760000 
23.660000 
