25.000000 
24.993406 
24.987159 
24.968201 
24.931483 
24.899225 
24.851591 
24.838075 
24.975409 
24.963262 
24.951815 
24.936765 
24.911963 
24.952484 
24.932856 
24.917599 
24.976334 
24.946187 
24.918227 
24.909519 
24.890670 
24.954146 
24.915712 
24.885391 
24.836681 
24.995009 
24.987162 
24.966754 
24.930195 
24.894885 
24.859589 
24.828310 
24.960191 
24.921721 
24.894144 
24.871327 
24.985627 
24.980074 
24.972171 
24.950137 
24.924608 
24.906249 
24.971989 
24.946229 
24.910732 
24.872812 
24.840192 
24.799565 
24.940078 
24.899915 
24.864308 
24.812209 
24.758392 
24.967137 
24.934652 
24.900180 
24.857360 
24.805291 
24.934730 
24.893925 
24.858543 
24.816099 
24.768060 
24.996731 
24.997167 
24.984328 
24.957468 
24.933987 
24.913252 
24.886355 
24.988731 
24.964070 
24.912094 
24.860294 
24.812335 
24.760727 
24.709385 
24.975354 
24.972425 
24.972104 
24.972668 
24.959366 
24.997133 
24.980613 
24.961655 
24.937369 
24.946190 
24.931096 
24.893006 
24.855698 
24.993413 
24.985599 
24.964447 
24.933225 
24.901911 
24.868338 
24.826969 
24.990987 
25.003029 
25.019028 
25.061093 
25.018475 
25.030365 
25.037203 
25.034739 
25.036733 
25.039707 
25.001508 
25.013547 
25.036748 
25.001321 
25.006359 
25.035368 
25.075634 
25.115065 
25.027507 
25.046711 
25.053530 
25.069655 
24.997406 
24.970668 
24.949396 
24.927956 
24.911726 
24.994666 
24.993694 
24.990453 
24.980105 
24.952669 
24.943411 
24.977657 
24.936943 
24.890228 
24.848210 
24.804954 
24.998503 
24.991974 
24.965320 
24.920176 
24.874668 
24.982565 
24.994045 
25.024570 
25.035089 
24.962643 
24.937106 
24.911119 
24.881844 
24.997137 
25.000850 
25.026674 
25.044955 
25.087070 
25.008869 
25.005670 
24.998849 
25.003600 
24.991997 
24.980410 
24.958838 
24.934944 
24.903579 
24.869335 
24.965250 
24.925346 
24.898012 
24.873370 
24.847786 
24.993089 
24.975597 
24.938613 
24.903177 
24.870825 
24.846473 
24.975977 
24.941999 
24.893408 
24.840269 
24.785294 
24.740968 
24.940872 
24.887636 
24.834667 
24.785616 
25.000259 
24.985258 
24.960544 
24.966398 
24.983102 
24.986061 
25.002765 
25.015059 
25.048337 
25.077057 
25.000841 
24.971060 
24.936638 
24.904821 
24.881816 
24.996726 
24.989751 
24.975035 
24.961804 
24.947882 
24.938632 
24.990560 
24.982615 
24.972928 
24.983496 
24.993078 
24.976095 
24.968736 
24.973565 
24.986610 
24.984199 
24.987352 
24.992591 
25.008066 
24.982608 
24.965466 
24.920055 
24.870654 
24.820088 
24.769017 
24.721702 
24.961080 
24.912552 
24.866957 
24.816247 
24.770651 
25.007461 
25.014723 
25.019525 
25.034213 
25.019432 
25.032456 
25.033971 
25.019329 
25.024925 
25.026724 
25.016770 
24.997544 
24.977890 
24.957927 
24.987995 
24.945990 
24.911097 
25.036717 
25.043680 
25.035380 
25.033609 
25.030527 
25.040294 
25.056474 
25.079602 
25.083448 
25.108440 
25.053625 
25.077342 
25.117165 
25.160897 
25.042620 
25.064596 
25.097966 
25.139492 
25.052199 
25.067536 
25.097838 
25.132494 
25.057978 
25.067511 
25.093511 
25.098041 
25.084385 
25.135232 
25.186516 
25.238113 
25.289873 
25.341673 
25.392728 
25.443602 
25.490993 
25.533098 
25.576301 
25.622988 
25.668517 
25.715223 
25.760582 
25.805799 
25.846333 
25.879624 
25.929108 
25.994203 
26.063284 
26.109770 
26.129225 
26.139521 
25.924139 
25.979589 
26.028688 
26.046779 
26.042253 
26.039126 
26.034704 
26.049048 
26.070500 
26.079657 
26.078202 
26.111364 
26.125507 
25.845889 
25.883322 
25.920538 
25.960773 
26.012347 
26.063565 
25.939133 
25.975447 
26.031038 
26.056211 
25.948972 
25.960138 
25.985521 
26.020417 
25.998269 
25.985742 
25.996515 
25.575857 
25.618121 
25.662563 
25.709589 
25.753602 
25.803493 
25.846050 
25.884980 
25.906431 
25.944295 
25.985081 
26.030855 
25.938129 
25.967896 
25.998060 
26.011909 
25.999648 
26.020051 
26.012868 
26.024253 
25.925813 
25.984749 
26.025932 
26.063739 
26.036625 
25.758702 
25.811943 
25.864811 
25.913999 
25.953151 
25.979689 
25.997172 
26.016347 
26.038184 
26.066397 
26.021542 
26.082400 
25.965334 
26.018737 
26.065863 
26.108514 
26.119229 
26.071603 
26.114319 
25.492027 
25.540260 
25.589992 
25.639493 
25.691396 
25.743235 
25.794858 
25.847621 
25.890891 
25.927452 
25.968792 
26.015415 
26.066917 
26.099405 
25.958970 
25.997159 
26.048440 
26.088137 
25.973397 
26.003355 
26.065279 
26.095549 
25.987584 
26.004288 
26.027792 
26.054727 
26.062686 
26.077200 
26.083763 
26.079660 
26.070084 
26.029000 
26.045786 
26.056806 
26.059591 
26.051764 
26.051472 
26.043369 
26.035468 
25.898145 
25.941056 
25.988418 
26.041198 
26.071858 
26.107080 
26.067552 
26.079882 
26.089826 
26.111522 
26.108115 
25.984100 
26.030222 
26.058505 
26.073498 
26.079872 
25.937845 
25.966679 
26.008070 
26.056539 
25.996574 
26.021732 
26.044781 
26.057702 
26.076187 
26.034080 
26.038721 
26.044818 
26.064759 
24.988484 
24.985477 
24.982523 
24.979477 
24.976522 
24.998996 
24.996991 
24.995014 
24.993008 
24.991001 
24.965046 
24.944969 
24.924984 
24.904999 
24.884922 
24.864228 
24.843729 
24.824113 
24.803575 
24.783803 
24.763188 
24.742572 
24.723267 
24.702651 
24.682957 
24.662342 
24.641726 
24.622032 
24.601805 
24.582111 
24.561495 
24.540880 
24.521186 
24.500570 
24.480876 
24.460260 
24.439645 
24.420340 
24.399724 
24.380030 
24.359414 
24.338799 
24.319105 
24.298878 
24.279184 
24.258568 
24.237953 
24.218258 
24.197643 
24.177949 
24.157333 
24.136718 
24.117412 
24.096797 
24.077102 
24.056487 
24.035871 
24.016177 
23.995951 
23.976256 
23.954720 
23.935025 
23.915331 
23.892873 
23.871336 
23.849799 
23.837475 
23.816327 
23.794791 
23.773254 
23.751717 
23.730180 
23.708643 
23.696708 
23.675172 
23.653635 
23.632098 
23.610561 
23.589024 
23.567488 
23.555164 
23.533627 
23.512479 
23.490942 
23.469405 
23.447868 
23.426332 
23.414008 
23.392860 
23.371323 
23.349786 
23.328249 
23.306713 
23.285176 
23.272852 
23.251315 
23.229778 
23.208630 
23.187093 
23.165557 
23.144020 
23.122483 
23.110159 
23.089011 
23.067474 
23.045938 
23.024401 
23.002864 
22.990540 
22.969003 
22.947466 
22.925930 
22.904782 
22.883245 
22.861708 
22.840171 
22.827847 
22.806311 
22.784774 
22.763626 
22.742089 
22.720552 
22.699015 
22.686691 
22.665155 
22.643618 
22.622081 
22.600933 
22.579396 
22.557860 
22.545536 
22.523999 
22.502462 
22.481314 
22.458222 
22.439796 
22.417481 
22.404380 
22.382065 
22.359750 
22.341325 
22.319010 
22.296696 
22.274381 
22.265168 
22.242854 
22.220539 
22.198224 
22.175910 
22.157484 
22.135170 
22.112855 
22.099753 
22.077439 
22.059013 
22.036698 
22.014384 
21.992069 
21.969755 
21.960542 
21.938227 
21.915913 
21.893598 
21.875172 
21.852858 
21.830543 
21.817441 
21.795127 
21.776701 
21.754387 
21.732072 
21.709757 
21.687443 
21.678230 
21.655915 
21.633601 
21.611286 
21.592861 
21.570546 
21.548231 
21.525917 
21.512815 
21.494389 
21.472075 
21.449760 
21.427446 
21.405131 
21.386705 
21.373604 
21.351289 
21.328974 
21.310549 
21.288234 
21.265920 
21.252818 
21.230503 
21.212078 
21.189763 
21.167448 
21.145134 
21.122819 
21.104394 
21.091292 
21.068977 
21.046663 
21.024348 
21.005922 
20.983608 
20.961293 
20.948192 
20.929766 
20.907451 
20.885137 
20.862822 
20.840508 
20.822082 
20.808980 
20.786665 
20.764351 
20.745925 
20.723611 
20.701296 
20.678981 
20.665880 
20.647454 
20.625139 
20.602825 
20.580510 
20.558196 
20.539770 
20.517455 
20.504354 
20.482039 
20.459725 
20.441299 
20.418984 
20.396670 
20.374355 
20.365142 
20.342828 
20.320513 
20.298199 
20.275884 
20.257458 
20.235144 
20.222042 
20.199727 
20.177413 
20.158987 
20.136672 
20.114358 
20.092043 
20.082830 
20.060516 
20.038201 
20.015887 
19.993572 
19.975146 
19.952832 
19.939730 
19.917416 
19.895101 
19.876675 
19.854361 
19.832046 
19.809732 
19.791306 
19.778204 
19.755890 
19.733575 
19.711260 
19.692835 
19.670520 
19.657418 
19.635104 
19.612789 
19.594363 
19.572049 
19.549734 
19.527420 
19.505105 
19.495892 
19.473578 
19.451263 
19.428949 
19.410523 
19.388208 
19.365894 
19.352792 
19.330477 
19.312052 
19.289737 
19.267423 
19.245108 
19.222793 
19.213581 
19.191266 
19.168951 
19.146637 
19.128211 
19.105896 
19.083582 
19.070480 
19.048166 
19.029740 
19.007425 
18.985111 
18.962796 
18.940482 
18.931269 
18.908954 
18.886640 
18.864325 
18.845899 
18.823585 
18.801270 
18.778956 
18.765854 
18.747428 
18.725114 
18.702799 
18.680484 
18.658170 
18.639744 
18.626642 
18.604328 
18.582013 
18.563587 
18.541273 
18.518958 
18.496644 
18.483542 
18.465116 
18.442802 
18.420487 
18.398173 
18.375858 
18.357432 
18.344331 
18.322016 
18.299701 
18.277387 
18.258961 
18.236647 
18.214332 
18.201230 
18.182805 
18.160490 
18.138175 
18.115861 
18.093546 
18.075121 
18.062019 
18.039704 
18.017390 
17.995075 
17.976649 
17.954335 
17.932020 
17.918918 
17.900493 
17.878178 
17.855864 
17.833549 
17.811234 
17.792809 
17.770494 
17.757392 
17.735078 
17.712763 
17.694338 
17.672023 
17.649708 
17.627394 
17.618181 
17.595866 
17.573552 
17.551237 
17.528923 
17.510497 
17.488182 
17.475081 
17.452766 
17.430451 
17.412026 
17.389711 
17.367397 
17.345082 
17.331980 
17.313555 
17.291240 
17.268925 
17.246611 
17.228185 
17.205871 
17.183556 
17.170454 
17.148140 
17.129714 
17.107399 
17.085085 
17.062770 
17.049668 
17.031243 
17.008928 
16.986614 
16.964299 
16.945873 
16.923559 
16.910457 
16.888142 
16.865828 
16.847402 
16.825088 
16.802773 
16.780458 
16.758144 
16.748931 
16.726616 
16.704302 
16.681987 
16.663562 
16.641247 
16.618932 
16.605831 
16.583516 
16.565090 
16.542776 
16.520461 
16.498147 
16.475832 
16.466619 
16.444305 
16.421990 
16.399675 
16.377361 
16.358935 
16.336621 
16.323519 
16.301204 
16.282779 
16.260464 
16.238149 
16.215835 
16.193520 
16.175095 
16.161993 
16.139678 
16.117364 
16.095049 
16.076623 
16.054309 
16.031994 
16.018892 
16.000467 
15.978152 
15.955838 
15.933523 
15.911208 
15.901996 
15.879681 
15.857366 
15.835052 
15.812737 
15.794312 
15.771997 
15.749682 
15.736581 
15.718155 
15.695840 
15.673526 
15.651211 
15.628897 
15.610471 
15.597369 
15.575055 
15.552740 
15.530425 
15.512000 
15.489685 
15.467371 
15.454269 
15.431954 
15.413529 
15.391214 
15.368899 
15.346585 
15.328159 
15.315057 
15.292743 
15.270428 
15.248114 
15.229688 
15.207373 
15.185059 
15.162744 
15.149643 
15.131217 
15.108902 
15.086588 
15.064273 
15.045847 
15.023533 
15.010431 
14.988116 
14.965802 
14.947376 
14.925062 
14.902747 
14.880432 
24.874114 
24.773035 
24.672189 
24.571343 
24.470108 
24.369261 
24.268415 
24.167180 
24.066334 
23.965488 
23.860568 
23.762485 
23.664403 
23.565932 
23.458637 
23.360555 
23.262083 
23.154788 
23.056706 
22.958235 
22.850940 
22.752857 
22.654386 
22.547091 
22.449009 
22.350538 
22.252066 
22.144382 
22.045911 
21.947440 
21.839756 
21.741285 
21.646703 
21.539019 
21.440547 
21.342076 
21.243605 
21.135921 
21.037450 
20.938979 
20.831295 
20.732823 
20.634352 
20.526668 
20.428197 
20.329726 
20.231255 
20.127460 
20.028988 
19.930517 
19.822833 
19.724362 
19.625891 
19.518207 
19.419736 
19.321265 
19.213581 
19.115109 
19.016638 
18.918167 
18.810483 
18.712012 
18.613541 
18.509745 
18.411274 
18.312803 
18.205119 
18.106648 
18.008177 
17.909706 
17.802022 
17.703550 
17.605079 
17.497395 
17.398924 
17.300453 
17.192769 
17.094298 
16.999715 
16.901244 
16.793560 
16.695089 
16.596618 
16.488934 
16.390463 
16.291991 
16.184307 
16.085836 
15.987365 
15.888894 
15.781210 
15.682739 
15.584267 
15.476583 
15.382001 
15.283530 
15.175846 
15.077375 
14.978904 
14.880432 
25.006806 
